0.901825229575319 -0.09817477042468103 0
0.8826105099785494 0.09691555159144721 1
0.8257047620866057 0.28450866194040875 2
0.7332948418778642 0.45739546259492114 3
0.6089320107618665 0.6089320107618664 4
0.45739546259492125 0.7332948418778641 5
0.2845086619404088 0.8257047620866057 6
0.09691555159144727 0.8826105099785494 7
-0.09817477042468098 0.901825229575319 8
-0.2932650924408092 0.8826105099785494 9
-0.48085820278977076 0.8257047620866057 10
-0.653745003444283 0.7332948418778644 11
-0.8052815516112285 0.6089320107618665 12
-0.9296443827272264 0.45739546259492114 13
-1.0220543029359677 0.2845086619404088 14
-1.0789600508279116 0.09691555159144755 15
-1.0981747704246811 -0.09817477042468091 16
-1.0789600508279116 -0.2932650924408094 17
-1.0220543029359677 -0.4808582027897707 18
-0.9296443827272265 -0.653745003444283 19
-0.8052815516112287 -0.8052815516112285 20
-0.6537450034442832 -0.9296443827272263 21
-0.48085820278977137 -1.0220543029359677 22
-0.29326509244080967 -1.0789600508279114 23
-0.09817477042468122 -1.0981747704246811 24
0.09691555159144724 -1.0789600508279116 25
0.28450866194040897 -1.0220543029359677 26
0.4573954625949208 -0.9296443827272266 27
0.6089320107618664 -0.8052815516112287 28
0.7332948418778642 -0.6537450034442832 29
0.8257047620866055 -0.4808582027897714 30
0.8826105099785493 -0.2932650924408098 31
0.901825229575319 -0.09817477042468128 0

1.9018252295753189 -0.09817477042468103 0
1.8633957903817797 0.29200587360757546 2
1.7495842945978923 0.6671920943054985 4
1.5647644541804095 1.0129656956145232 6
1.3160387919484142 1.3160387919484138 8
1.0129656956145237 1.564764454180409 10
0.6671920943054986 1.7495842945978923 12
0.2920058736075756 1.8633957903817797 14
-0.09817477042468091 1.9018252295753189 16
-0.4883554144569374 1.8633957903817797 18
-0.8635416351548605 1.7495842945978923 20
-1.209315236463885 1.56476445418041 22
-1.512388332797776 1.3160387919484142 24
-1.7611139950297718 1.0129656956145232 26
-1.9459338354472546 0.6671920943054986 28
-2.059745331231142 0.2920058736075761 30
-2.098174770424681 -0.09817477042468079 0
-2.059745331231142 -0.48835541445693775 2
-1.9459338354472546 -0.8635416351548604 4
-1.7611139950297718 -1.209315236463885 6
-1.5123883327977765 -1.512388332797776 8
-1.2093152364638855 -1.7611139950297714 10
-0.8635416351548617 -1.9459338354472542 12
-0.48835541445693836 -2.0597453312311416 14
-0.0981747704246814 -2.098174770424681 16
0.2920058736075755 -2.059745331231142 18
0.667192094305499 -1.9459338354472542 20
1.0129656956145228 -1.7611139950297723 22
1.3160387919484138 -1.5123883327977765 24
1.5647644541804095 -1.2093152364638855 26
1.7495842945978919 -0.8635416351548618 28
1.8633957903817797 -0.4883554144569385 30
1.9018252295753189 -0.09817477042468152 0

2.901825229575319 -0.09817477042468103 0
2.84418107078501 0.48709619562370376 3
2.673463827109179 1.0498755266705881 6
2.3962340664829545 1.5685359286341254 9
2.0231455731349617 2.0231455731349612 12
1.5685359286341258 2.3962340664829545 15
1.0498755266705886 2.673463827109179 18
0.4870961956237039 2.84418107078501 21
-0.09817477042468085 2.901825229575319 24
-0.6834457364730656 2.84418107078501 27
-1.2462250675199504 2.673463827109179 30
-1.7648854694834868 2.3962340664829553 1
-2.2194951139843235 2.0231455731349617 4
-2.592583607332317 1.5685359286341254 7
-2.869813367958541 1.0498755266705886 10
-3.0405306116343724 0.48709619562370465 13
-3.098174770424681 -0.09817477042468067 16
-3.0405306116343724 -0.6834457364730661 19
-2.869813367958541 -1.24622506751995 22
-2.5925836073323176 -1.7648854694834868 25
-2.219495113984324 -2.2194951139843235 28
-1.7648854694834877 -2.5925836073323167 31
-1.2462250675199522 -2.8698133679585407 2
-0.6834457364730671 -3.040530611634372 5
-0.09817477042468159 -3.098174770424681 8
0.48709619562370376 -3.0405306116343724 11
1.049875526670589 -2.869813367958541 14
1.5685359286341245 -2.5925836073323176 17
2.0231455731349612 -2.219495113984324 20
2.3962340664829545 -1.7648854694834877 23
2.6734638271091784 -1.2462250675199522 26
2.8441810707850097 -0.6834457364730672 29
2.901825229575319 -0.09817477042468177 0
